0.0 0.0 0.0 0.0 0.0 0.0
1.2274096012115479 -1.6133073568344116 0.1386806070804596 0.11432464236723515 8.405238129656031e-05 0.0014704155536699505
1.134735345840454 -1.5040560960769653 0.1386822760105133 0.2575331376494342 0.0007066974846737634 0.007225174450146754
1.0422675609588623 -1.3957902193069458 0.138683021068573 0.3999040419000943 0.001788048358211812 0.007965149528462402
0.9561415910720825 -1.295056700706482 0.13868235051631927 0.5324386242143714 0.002884503468032651 0.008580420346833718
0.8636401891708374 -1.1869843006134033 0.13867776095867157 0.6747110613870975 0.004124080055681514 0.00884453205916796
0.7685372233390808 -1.0759085416793823 0.13868066668510437 0.8209363019395757 0.005417922844599056 0.008851578676508091
0.6823107004165649 -0.9752405881881714 0.13868261873722076 0.9535017006528591 0.00660936981251322 0.009123170397226151
0.5896814465522766 -0.8671296834945679 0.13868515193462372 1.0958669882525267 0.007933164332401398 0.009473446669655702
0.49450820684432983 -0.7561030983924866 0.13868477940559387 1.2420921113503505 0.009319028857339347 0.009481203566761857
0.47095417976379395 -0.719886302947998 0.13868200778961182 1.2826680476658991 0.012927688400476577 0.1679239490301862
0.4790259301662445 -0.7065661549568176 0.13865680992603302 1.344165465967424 0.023585046040872436 0.17526288862930384
0.3934381902217865 -0.6878038644790649 0.13868632912635803 1.429980216992126 0.052316916424826325 0.47089993699555766
0.24737243354320526 -0.6810770034790039 0.13867300748825073 1.560301151727513 0.11866289133343111 0.47089718723497664
0.20356114208698273 -0.6739066243171692 0.13869449496269226 1.5965206371338516 0.14062258094164953 0.6191733292217894
0.19492672383785248 -0.6579049825668335 0.13866163790225983 1.5984437836660526 0.14266445558984708 1.0114928668006256
0.1211082935333252 -0.7094646692276001 0.13865092396736145 1.6381919586230218 0.22626860123608564 1.2424965531850356
0.0163258146494627 -0.8062891960144043 0.1386508345603943 1.6842478824605136 0.3613311766930497 1.241832373384807
-0.08837008476257324 -0.9030765295028687 0.13866664469242096 1.7302910216126188 0.49628161500060863 1.2421586365831117
-0.18596728146076202 -0.9933188557624817 0.13864634931087494 1.7731595252552093 0.6220850909941511 1.2425989378062297
-0.22580376267433167 -1.024658441543579 0.1386769860982895 1.78626987906487 0.6696496776302953 1.3610851157382258
-0.2763444781303406 -1.0976229906082153 0.13864271342754364 1.7941815886223094 0.7590327125376941 1.6039383753825716
-0.3319393992424011 -1.2115085124969482 0.138639435172081 1.7899827706383866 0.885701800694706 1.6039258712483848
-0.381692111492157 -1.3134349584579468 0.13864709436893463 1.7861979460342425 0.9990715261754678 1.6044115752648926
-0.4313398003578186 -1.4152710437774658 0.1386716365814209 1.7823583728518557 1.112328435418751 1.604958016096234
-0.4783307909965515 -1.5116904973983765 0.13865894079208374 1.7786959608857227 1.219505071205913 1.6049515312820986
-0.5236191749572754 -1.6046950817108154 0.13865232467651367 1.7751446886402298 1.3229104289466858 1.6053005635617175
-0.5438119173049927 -1.6417633295059204 0.13867250084877014 1.7726286221119605 1.364097015815265 1.6583193706157116
-0.5719246864318848 -1.7176382541656494 0.13864199817180634 1.7598103095677784 1.4460915771201208 1.7934253988388777
-0.5836748480796814 -1.7540521621704102 0.13867680728435516 1.7501709566871946 1.4823966832752034 1.8672108500379145
-0.5929009914398193 -1.7688871622085571 0.13868121802806854 1.7445086293506014 1.4966156993125155 2.0323274454451425
-0.5929303169250488 -1.8184312582015991 0.1386515200138092 1.7163773769531243 1.535682019451751 2.3574293804739583
-0.5603138208389282 -1.9068973064422607 0.1386476755142212 1.6496846180873141 1.6024776705788428 2.3534180092826014
-0.5234418511390686 -2.0075979232788086 0.13864214718341827 1.5740672508969897 1.6785161278271648 2.353417752458279
-0.4743664860725403 -2.1415343284606934 0.1386318802833557 1.4734545806594892 1.779633347679513 2.3539690087456617
-0.4251464009284973 -2.275499105453491 0.13863715529441833 1.3727270849492554 1.8807352203544656 2.3547101395334273
-0.37584325671195984 -2.4093687534332275 0.1386597454547882 1.2719560321820287 1.9817274542802736 2.3554863600128946
-0.32658955454826355 -2.543041706085205 0.138681098818779 1.1712609837142953 2.08253931914095 2.3557431923608467
-0.31129252910614014 -2.59663724899292 0.13869430124759674 1.1303447943028244 2.118533498652067 2.4844648829454026
-0.3223509192466736 -2.6112208366394043 0.1386580467224121 1.1250335722833846 2.121210343182269 2.865038865127671
-0.24891993403434753 -2.6624276638031006 0.13867199420928955 1.0348664414414805 2.135540574391292 3.1029235171644096
-0.11380884796380997 -2.7325289249420166 0.13867364823818207 0.8827310437628905 2.1414544167243923 3.1025564510019166
0.012648293748497963 -2.7981927394866943 0.13867434859275818 0.7403426276512126 2.146997494686828 3.102809599525997
0.1510801613330841 -2.870065927505493 0.1386808305978775 0.58447662208127 2.1530461648037114 3.102800915653603
0.27755051851272583 -2.9356961250305176 0.1386772096157074 0.4421014477036962 2.1585576833801006 3.103000564461067
0.4127349257469177 -3.0058507919311523 0.1386827975511551 0.28991451287672 2.1644394835596477 3.1029261496137117
0.5392955541610718 -3.071503162384033 0.1386740505695343 0.14743416153043662 2.1699454835624405 3.103009745930585
0.6745094656944275 -3.141660213470459 0.13867352902889252 -0.004796296710294051 2.1758269481585923 3.102943437100899
0.809670090675354 -3.211819887161255 0.13867086172103882 -0.1569726759129033 2.181719636251535 3.1028350411854135
0.8463322520256042 -3.236562728881836 0.13869263231754303 -0.20078384340621133 2.1802670163953217 3.246638748116454
0.8447635769844055 -3.254199504852295 0.1386527270078659 -0.2047846396228585 2.179033854311998 3.634525129777976
0.8462687730789185 -3.273125171661377 0.13865728676319122 -0.20475047139517322 2.1790627270052156 4.051846916410206
0.8540053367614746 -3.2877838611602783 0.13864824175834656 -0.20466747528949608 2.179223451554693 4.419588470690149
0.8717244267463684 -3.298460006713867 0.13864655792713165 -0.22940685965660684 2.0978067513046934 4.415198498312641
0.8835835456848145 -3.2082011699676514 0.13866133987903595 -0.24614590438416467 2.00619699776003 4.648124484652058
0.8835978507995605 -3.065563678741455 0.1386616975069046 -0.2553326775506072 1.8638657389605784 4.647742265854556
0.8835989832878113 -2.9326870441436768 0.13866271078586578 -0.2638830552120841 1.7312656660966372 4.648249093671565
0.883557140827179 -2.799863338470459 0.1386653184890747 -0.2723656706762051 1.5987272312015446 4.648700862637138
0.8834338188171387 -2.6574044227600098 0.13865509629249573 -0.2814057516667938 1.4565427401216906 4.649088153715004
0.8832646608352661 -2.524569034576416 0.138682559132576 -0.28978586126192357 1.3239399530886296 4.649463502461888
0.8830407857894897 -2.3919906616210938 0.13867957890033722 -0.2980967176212939 1.1916262893151544 4.6498557224251185
0.8827993273735046 -2.255488634109497 0.1386871188879013 -0.30662604229520724 1.055407669011066 4.6498555768927545
0.8825035095214844 -2.122814178466797 0.13868121802806854 -0.3148874601257722 0.9229762723474539 4.650318607068386
0.8821620941162109 -1.9902276992797852 0.13868297636508942 -0.32309276142657395 0.7906251377951641 4.650624934278681
0.881750226020813 -1.847900390625 0.13868381083011627 -0.331861365405665 0.6485755191165989 4.6508511563777315
0.8812491297721863 -1.6957683563232422 0.13868704438209534 -0.34119995311387735 0.4967246419338695 4.651084691012887
0.880757212638855 -1.553466558456421 0.13869136571884155 -0.34989632932814796 0.35469088104662094 4.651390888742338
0.8802496790885925 -1.4209084510803223 0.13868550956249237 -0.357947548699674 0.2223873240715853 4.651828693954075
0.8796377182006836 -1.278527855873108 0.13868242502212524 -0.366541442663452 0.08023963197624187 4.6521812655938835
0.8789212107658386 -1.136095404624939 0.13868294656276703 -0.3750801879014083 -0.061934057221485095 4.652623710763622
0.878157913684845 -0.9936483502388 0.13868564367294312 -0.3835611587879004 -0.2041166391159924 4.652998528741659
0.8773048520088196 -0.8511862754821777 0.13867689669132233 -0.3919771584146882 -0.34632325327703073 4.653554344729442
0.8764017820358276 -0.7088222503662109 0.13868124783039093 -0.40031012014032824 -0.48845606191865737 4.654101693540354
0.8753867149353027 -0.5664602518081665 0.13868404924869537 -0.4085548455072322 -0.630582656278376 4.6547866852051225
0.8807398676872253 -0.5141090154647827 0.1386936604976654 -0.407356103300544 -0.6798318949709252 4.818662304418837
0.8962247967720032 -0.5033599138259888 0.13864898681640625 -0.40716591215399595 -0.6804355380954892 5.216568605684396
0.8377467393875122 -0.4329536557197571 0.13867595791816711 -0.35328430538976424 -0.7549693778371221 5.460089301581118
0.8022822141647339 -0.39607489109039307 0.13868938386440277 -0.31776787312342936 -0.7892690282815172 5.5703382346474895
0.7146421670913696 -0.34676381945610046 0.1386774331331253 -0.23382185897644914 -0.8463423769162233 5.801841026999039
0.6634093523025513 -0.32178744673728943 0.13868920505046844 -0.1836639278629268 -0.8686386635967459 5.927951977962112
0.5639110803604126 -0.3076797425746918 0.1386810541152954 -0.0852001500809857 -0.8917845978614137 6.176661004706277
0.41169849038124084 -0.3075992465019226 0.13867813348770142 0.0661682082852842 -0.9080161439212006 6.1760618175110835
0.36905819177627563 -0.3020554184913635 0.1386888027191162 0.10649105830691988 -0.9091267886323114 6.335235111797623
0.2688528895378113 -0.32917600870132446 0.13867738842964172 0.20962529501538374 -0.8924034241756206 6.552640078734128
0.22587589919567108 -0.34070533514022827 0.1386878937482834 0.24923770797827927 -0.8781884393005625 6.702807984665327
0.13864269852638245 -0.404244989156723 0.13866272568702698 0.3444478166293368 -0.8243000300060859 6.893642955658221
0.03940671682357788 -0.49252232909202576 0.13865238428115845 0.45329451261175935 -0.7481879232493531 6.893185535488877
-0.06721201539039612 -0.5872966051101685 0.1386544555425644 0.5702238869500758 -0.6664626557493842 6.8931979743483005
-0.1737985461950302 -0.6820777654647827 0.13864894211292267 0.6871274262859646 -0.5847409576888365 6.893352036838575
-0.2830617129802704 -0.7792709469795227 0.1386450231075287 0.8069765097552888 -0.500946936944626 6.893346305508128
-0.31914934515953064 -0.8043325543403625 0.13868045806884766 0.8401093076448347 -0.47387588321090157 7.043123061977309
-0.3350749611854553 -0.8011026382446289 0.13865670561790466 0.883961146630153 -0.43150162191172153 7.059775065469753
-0.3521682620048523 -0.8878987431526184 0.13866190612316132 0.937840059035087 -0.3595873654619523 7.362196992518045
-0.3547949492931366 -1.0341227054595947 0.13866037130355835 1.0068919881315073 -0.2306837548482242 7.362191041981265
-0.35732850432395935 -1.176639437675476 0.13865742087364197 1.0741865447509782 -0.10502320139961019 7.362445715399758
-0.3596448302268982 -1.3094663619995117 0.1386633962392807 1.1368649714745198 0.012119133738452331 7.362912943047906
-0.3620162010192871 -1.4519870281219482 0.13865864276885986 1.2040646036697682 0.13783840456483515 7.363286758874617
-0.3644093871116638 -1.5945680141448975 0.13868345320224762 1.2712508245722414 0.2636202389930011 7.363492467130933
-0.36674755811691284 -1.7370741367340088 0.13867373764514923 1.338374520753826 0.38934657658305843 7.363693753193451
-0.3690510094165802 -1.8796069622039795 0.13866949081420898 1.405483880141506 0.5151000333090292 7.363849131908378
-0.3711896240711212 -2.0123744010925293 0.13866236805915833 1.467975199548287 0.6322651953488669 7.364156518519001
-0.373411625623703 -2.1548948287963867 0.13866668939590454 1.534994299953078 0.7580458410983871 7.364683441770539
-0.3755573630332947 -2.2974514961242676 0.1386512815952301 1.6019895087857918 0.8839043614733881 7.36496596457647
-0.3776851296424866 -2.4400339126586914 0.1386391818523407 1.6689667188979416 1.0098045954857238 7.365181151255427
-0.37982669472694397 -2.586160898208618 0.13867758214473724 1.7376330385986252 1.1389142686714855 7.365186544566193
-0.38194912672042847 -2.728508949279785 0.1386869102716446 1.8044648369479988 1.2646193265698364 7.365476273501446
-0.3838886320590973 -2.8609719276428223 0.1386815309524536 1.866632809069112 1.3816150073833924 7.365632231074317
-0.3859463334083557 -3.003298282623291 0.13869032263755798 1.9333879899938125 1.5073095381582726 7.365911816452063
-0.39233627915382385 -3.0465376377105713 0.1386938989162445 1.9493008680589219 1.5441604857142508 7.526789863503435
-0.4096863269805908 -3.053551197052002 0.1386520117521286 1.9496026239170716 1.5465839356794548 7.93341856081144
-0.42198657989501953 -3.0641818046569824 0.13865086436271667 1.9495510953098207 1.5467762525066693 8.298118921854387
-0.34448570013046265 -3.1081347465515137 0.13868102431297302 1.8982451518949335 1.6238216226990623 8.584813381431395
-0.22027286887168884 -3.154872417449951 0.13867786526679993 1.809679950265006 1.7227193291751601 8.583822447792816
-0.08687829971313477 -3.2050750255584717 0.13867759704589844 1.7146472582396697 1.828924459003319 8.584013863239132
-0.048808421939611435 -3.2251229286193848 0.13869448006153107 1.684448753794568 1.8577664632621491 8.740689155755872
-0.04901803284883499 -3.240704298019409 0.13865849375724792 1.6822615228791042 1.858997679884278 9.08346333290992
0.03573540970683098 -3.2165393829345703 0.1386808454990387 1.5922220384412813 1.876752568936789 9.376708157017637
0.15580587089061737 -3.1597118377685547 0.13867726922035217 1.4595351459344905 1.883203244405541 9.37569271778937
0.284686803817749 -3.098740816116333 0.13866370916366577 1.3171142619624927 1.89017942314591 9.375975770295465
0.4047204852104187 -3.0419087409973145 0.13868358731269836 1.18443880591117 1.8966342561914091 9.376354218054418
0.5335461497306824 -2.9809091091156006 0.13866977393627167 1.042035980352801 1.9035321064125603 9.376399369911882
0.5718808770179749 -2.967054605484009 0.1386907994747162 1.0024792405814547 1.903219972139985 9.488937821585194
0.647667407989502 -2.9075169563293457 0.13866963982582092 0.9049685795394944 1.8847677205723903 9.734661562537
0.7399032711982727 -2.812012195587158 0.13865885138511658 0.7785107359496803 1.8443320202121105 9.733858208031423
0.8389774560928345 -2.709463357925415 0.13865996897220612 0.6426698318939107 1.8009542425930154 9.733883851403524
0.9312829971313477 -2.613943099975586 0.13867276906967163 0.516107612172412 1.7605362004352179 9.733904188679539
