0.0 0.0 0.0 0.0 0.0 0.0
-0.9437438249588013 -3.397061586380005 0.13862735033035278 0.008124019245072328 -2.260175002647221e-06 -0.0005564179197890153
-0.9177621603012085 -3.384948253631592 0.138625830411911 0.03695760151117327 -2.051552959364759e-05 -0.0007098383492584565
-0.8823901414871216 -3.3685145378112793 0.13862869143486023 0.07595221017309146 -4.709862922222489e-05 -0.0006535857969383518
-0.8602035641670227 -3.358558177947998 0.1386623978614807 0.10004051818847387 4.4914248088194286e-05 0.008293178393982022
-0.8344680070877075 -3.346409320831299 0.1386735737323761 0.12849720319968203 0.00034655791417428266 0.012906224766154254
-0.7994178533554077 -3.329453945159912 0.13865818083286285 0.1674923743883829 0.0008505975143894175 0.012943721117194279
-0.7761539220809937 -3.3182826042175293 0.13865680992603302 0.1932733684081487 0.0012108002427773622 0.014997737840005259
-0.749879002571106 -3.305474042892456 0.13866333663463593 0.22251719745572826 0.0016494502348985698 0.014999503507220333
-0.7148206830024719 -3.2884089946746826 0.13865570724010468 0.2615094018993399 0.0022344229146273793 0.015002842223408842
-0.6918092966079712 -3.2772183418273926 0.13865874707698822 0.2870728873399081 0.0026200796524326404 0.015167338201772802
-0.6655088663101196 -3.2644028663635254 0.138648122549057 0.3163169445394669 0.003063666296386399 0.015167209789611698
-0.6304618120193481 -3.247344493865967 0.1386607587337494 0.35530634381575005 0.0036550507618815205 0.015166118286242383
-0.6041749119758606 -3.234506607055664 0.13867658376693726 0.384549779600713 0.004098580089969123 0.015165155195034166
-0.5778952240943909 -3.2217063903808594 0.13867807388305664 0.4137937154406354 0.004542095404480501 0.015164641546389789
-0.5462346076965332 -3.2062840461730957 0.1386772096157074 0.44900854334451956 0.005076358992693795 0.01517613443480789
-0.519940972328186 -3.193464994430542 0.13868017494678497 0.47825123081976123 0.005520175571813167 0.015175556580082959
-0.48488110303878784 -3.176377534866333 0.13867300748825073 0.5172432460974448 0.006111907094731124 0.01517353408854569
-0.46194562315940857 -3.1652112007141113 0.13867296278476715 0.5427677583672605 0.006501584093021665 0.015357645024517077
-0.43564504384994507 -3.1524038314819336 0.1386774629354477 0.5720120870921424 0.006950679687368045 0.015353287036799874
-0.4005959630012512 -3.135308027267456 0.13867530226707458 0.6110043397501111 0.007549526151003046 0.015360475108161225
-0.3743135929107666 -3.122494697570801 0.13867661356925964 0.6402480530194788 0.007998758034945545 0.015360421937500767
-0.339249849319458 -3.105400562286377 0.13867883384227753 0.6792398701172753 0.0085977590694917 0.015361609749990906
-0.3163236677646637 -3.0942323207855225 0.13867154717445374 0.704733978325335 0.008991648737219665 0.015536378701242541
-0.2900431454181671 -3.0814099311828613 0.13868504762649536 0.7339779362579061 0.009446029328578291 0.015536298443641855
-0.2549859583377838 -3.0643255710601807 0.1386808156967163 0.7729699009400868 0.010051655398035661 0.015525351306908424
-0.22870321571826935 -3.0515074729919434 0.13867469131946564 0.8022147855745191 0.01050568344408927 0.015522237312001851
-0.2024201899766922 -3.038670063018799 0.13867723941802979 0.8314580095724516 0.010959605891768575 0.015519893790061846
-0.16738073527812958 -3.0215721130371094 0.13868173956871033 0.8704496727082567 0.01156481347416649 0.015520535850867339
-0.1410890519618988 -3.008744239807129 0.13867969810962677 0.8996934023364107 0.012018737666643492 0.015521177911672818
-0.1148056611418724 -2.9959237575531006 0.13868369162082672 0.9289371380164625 0.012472671343448902 0.015521177911672818
-0.07975427806377411 -2.9788315296173096 0.1386798620223999 0.9679291608943483 0.013077918315299336 0.015520985293431181
-0.0534697063267231 -2.966005802154541 0.13867688179016113 0.9971725999411406 0.013531840814430905 0.015520921087350627
-0.02718578837811947 -2.9531912803649902 0.13867558538913727 1.0264159111076525 0.013985764145655402 0.015521177911672809
0.007865305058658123 -2.9360849857330322 0.13866595923900604 1.065407405527616 0.014590982255831364 0.015519925893102117
0.034145426005125046 -2.9232707023620605 0.13866585493087769 1.094651012947803 0.015044916289319994 0.015522590445444856
0.060446836054325104 -2.910433053970337 0.13865578174591064 1.123894614127331 0.015498877927462329 0.015521819972478285
0.09218479692935944 -2.8949570655822754 0.1386537104845047 1.1592003313163384 0.01604739715968888 0.015548224723103658
0.11844664812088013 -2.8821334838867188 0.13865235447883606 1.18844321053795 0.016502093987658256 0.01554722150309509
0.15351960062980652 -2.8650295734405518 0.13865455985069275 1.2274348345141766 0.017108341859874743 0.015546586088622171
0.1765003502368927 -2.8538317680358887 0.13866828382015228 1.2530238819916186 0.01750657567394019 0.015576234625742723
0.2027612179517746 -2.8409996032714844 0.13867206871509552 1.2822671477407919 0.01796211154468395 0.015576170419662179
0.23780310153961182 -2.823922634124756 0.13868001103401184 1.3212593299370199 0.018569447564581933 0.015572992218675072
0.2641077935695648 -2.811087131500244 0.13867758214473724 1.350503018157196 0.01902491348466747 0.015574180031165216
0.29038530588150024 -2.7982640266418457 0.13867846131324768 1.3797466532398346 0.019480432571791956 0.015576684068306599
0.32542145252227783 -2.78118634223938 0.1386733055114746 1.4187392236350074 0.020087846633032466 0.015576170419662232
0.3517424762248993 -2.768341541290283 0.13868677616119385 1.4479832594472082 0.0205433855784265 0.015575624667977576
0.38676145672798157 -2.751258373260498 0.13866764307022095 1.4869747738655794 0.021150681773952046 0.015572029127466865
0.40972477197647095 -2.74005126953125 0.13867533206939697 1.5125461608907458 0.021551641748766174 0.01578545013920842
0.43601924180984497 -2.7272210121154785 0.13867618143558502 1.5417899384954425 0.02201329314191411 0.015784551254080757
0.46230000257492065 -2.7143852710723877 0.13867922127246857 1.5710335588087712 0.022474942991054535 0.01578551434528898
0.49395155906677246 -2.6989259719848633 0.1386750042438507 1.606270774505408 0.023028813276328244 0.0156485627754801
0.5027289986610413 -2.6946380138397217 0.13867516815662384 1.6160189670984078 0.023181373437103414 0.015649076424124487
0.5174922943115234 -2.687152147293091 0.13869963586330414 1.6321204659336404 0.023379868567985802 0.009005159621178847
0.5263584852218628 -2.6819987297058105 0.13869135081768036 1.6427327767778366 0.023363717074900436 -0.012049073590838445
0.5405939817428589 -2.6730570793151855 0.13868047297000885 1.6605166275367649 0.022618927085190234 -0.07166226847595539
0.5712379813194275 -2.6607248783111572 0.13868048787117004 1.6941834302265306 0.01971555398963653 -0.10038896779825697
0.5988969206809998 -2.6512112617492676 0.13867424428462982 1.7232832932720155 0.016784500924163316 -0.10038179276875572
0.635785698890686 -2.638540029525757 0.138652965426445 1.7620812202102436 0.01287673979571886 -0.10038288427212502
0.6598813533782959 -2.630246877670288 0.13866540789604187 1.7874410442348787 0.010323479862606628 -0.10030342924744687
0.6875252723693848 -2.6207222938537598 0.13867293298244476 1.8165410248918235 0.007394825889336298 -0.1003032938127457
0.724401593208313 -2.608034372329712 0.13866987824440002 1.855340789880056 0.003489984818320176 -0.10030292726123506
0.7520468235015869 -2.598515748977661 0.13867537677288055 1.88444082584474 0.0005613388052510084 -0.10030287547000212
0.779704213142395 -2.5890016555786133 0.13867314159870148 1.9135392382771308 -0.002367225973017266 -0.10030851757933028
0.8129960298538208 -2.5775504112243652 0.1386735737323761 1.9485825238821883 -0.005887208553644566 -0.09991331310203722
0.8406585454940796 -2.5680196285247803 0.13867634534835815 1.977683511529085 -0.008804512476864569 -0.0999142601417253
0.8586729764938354 -2.561704635620117 0.13868537545204163 1.9965983070042677 -0.01072624244913175 -0.10258947069383816
0.8735979795455933 -2.5557937622070312 0.13869807124137878 2.0125092965481817 -0.012519403597177244 -0.12186253092233318
0.8847684860229492 -2.5505313873291016 0.13869409263134003 2.0249911327442107 -0.014289853434596883 -0.15994180896765875
0.8976357579231262 -2.543675184249878 0.13869698345661163 2.0401449581096402 -0.017331068878225525 -0.23617532565734967
0.9243553280830383 -2.537020206451416 0.13868092000484467 2.0678328473796457 -0.024835181691247064 -0.2931587357923415
0.9475677609443665 -2.5340652465820312 0.13867685198783875 2.0903860284248097 -0.03174271286749576 -0.3012531492811495
0.9766845703125 -2.5309598445892334 0.13868677616119385 2.11831430877804 -0.040420313363459914 -0.3012537271358744
1.0154625177383423 -2.526827335357666 0.13868626952171326 2.155554326878881 -0.051991118204218936 -0.3012508378622497
1.0445345640182495 -2.5237340927124023 0.13868188858032227 2.1834843360523246 -0.0606691870382119 -0.30125154412913574
1.073620080947876 -2.5206243991851807 0.13868579268455505 2.211414482406364 -0.06934731445597184 -0.3012518801423762
1.1086902618408203 -2.5168800354003906 0.1386769413948059 2.245107884520491 -0.07981494136747473 -0.30118703200102276
1.1377837657928467 -2.5137710571289062 0.13867607712745667 2.2730378306190806 -0.08849103896390698 -0.30118789878311014
1.1765437126159668 -2.5096263885498047 0.13868343830108643 2.3102788118942725 -0.10005952704525102 -0.3011885408439156
1.2056264877319336 -2.506526470184326 0.13868585228919983 2.3382088559404455 -0.10873566195003674 -0.3011868393827811
1.2347147464752197 -2.5034241676330566 0.1386854201555252 2.36613954977769 -0.11741197504679816 -0.30118699588510245
1.2734988927841187 -2.4992711544036865 0.13868197798728943 2.4033800835323644 -0.12898027536193216 -0.301187056078303
1.302577257156372 -2.4961647987365723 0.13868588209152222 2.4313108058630832 -0.13765663141406348 -0.3011890063379996
1.3316669464111328 -2.493053913116455 0.1386840045452118 2.45923882388015 -0.14633217486751082 -0.3011888498356783
1.366762399673462 -2.489311933517456 0.1386805772781372 2.4929447885094063 -0.15679820446449821 -0.3009524149569403
1.395836353302002 -2.4861960411071777 0.13867627084255219 2.52087732829085 -0.1654679038936645 -0.3009520698492574
1.4346221685409546 -2.4820237159729004 0.1386856734752655 2.5581203737213376 -0.1770274220514101 -0.3009536268467107
1.460066795349121 -2.4793152809143066 0.13867869973182678 2.5825832830093405 -0.18461530865925255 -0.3005847468624423
1.4891526699066162 -2.4761762619018555 0.1386815905570984 2.6105185819138175 -0.19327462687766114 -0.30058580626277137
1.527923583984375 -2.472012996673584 0.13867609202861786 2.6477660972766106 -0.20482056794769274 -0.3005868977661407
1.553286075592041 -2.4692978858947754 0.13867400586605072 2.6721505974228545 -0.21237823399713562 -0.3005100281048871
1.5823781490325928 -2.4661543369293213 0.1386631429195404 2.700086932273347 -0.22103552500064408 -0.3005071388312624
1.6211227178573608 -2.461965799331665 0.1386793553829193 2.7373350782742234 -0.2325784105437847 -0.3005063041522153
1.6502240896224976 -2.458836078643799 0.13867488503456116 2.765271506973554 -0.2412356342992966 -0.30050457058804053
1.6793056726455688 -2.455702543258667 0.13866765797138214 2.7932075852555767 -0.24989272315347003 -0.3005045855708782
1.7143646478652954 -2.4519433975219727 0.13867072761058807 2.826890824634674 -0.26032050838386195 -0.29994724468868134
1.7434459924697876 -2.4487929344177246 0.13865691423416138 2.8548313024456418 -0.26896194118123723 -0.29995019816838653
1.7822366952896118 -2.4445977210998535 0.13865748047828674 2.8920861333336383 -0.2804841671724309 -0.299949668468222
1.8076988458633423 -2.441833972930908 0.1386703997850418 2.9165602954673813 -0.2880479997065047 -0.2995347045696403
1.8367879390716553 -2.438685894012451 0.13864803314208984 2.9445046395071137 -0.29667795095483546 -0.29953451997715874
1.875539779663086 -2.434439182281494 0.138667494058609 2.981764069049791 -0.3081846205920365 -0.29953343248666947
1.904620885848999 -2.431274890899658 0.1386624574661255 3.009708866945334 -0.3168146704236485 -0.2995330753403464
1.9336894750595093 -2.428131341934204 0.13866421580314636 3.0376520098903077 -0.3254440598694535 -0.2995236771753062
1.9687992334365845 -2.4243292808532715 0.13867031037807465 3.07138176098382 -0.33585522221983977 -0.299249142007083
1.9978622198104858 -2.4211204051971436 0.13866320252418518 3.09932950262045 -0.34447749745279926 -0.29924999875697034
2.0366225242614746 -2.4168946743011475 0.1386605203151703 3.1365924100322427 -0.3559736756759148 -0.29925120262098065
2.0657055377960205 -2.413712501525879 0.13866645097732544 3.1645396036457973 -0.36459581877505276 -0.2992503518904134
2.0947744846343994 -2.4105515480041504 0.13866229355335236 3.1924870311070337 -0.3732180219830525 -0.29925041609649394
2.133530378341675 -2.4063103199005127 0.1386546939611435 3.2297506775614617 -0.3847144364005269 -0.29925118656946054
2.162600040435791 -2.403130054473877 0.13866038620471954 3.257697550689489 -0.3933365150313883 -0.2992526162234352
2.2013614177703857 -2.398916482925415 0.13866953551769257 3.2949601000703597 -0.40483266111869254 -0.29925242360519355
