0.0 0.0 0.0 0.0 0.0 0.0
2.6521732807159424 -1.2356770038604736 0.13866877555847168 0.12446436543950846 8.072682385068608e-05 0.0012971875483514413
2.509315013885498 -1.2489361763000488 0.13867634534835815 0.26801607188850207 0.0006572258063832492 0.006734704200840492
2.367640733718872 -1.2623755931854248 0.1386735737323761 0.41032794354492363 0.0015869763112334291 0.006331490014999008
2.225860118865967 -1.275820016860962 0.13868235051631927 0.5527273566650185 0.002495700005619982 0.006431362573291463
2.07438063621521 -1.2902112007141113 0.13868586719036102 0.7048877397913517 0.00347129926006278 0.006391763473113484
1.9325907230377197 -1.3037127256393433 0.1386784017086029 0.8473206392146964 0.004402067955351404 0.006677624995233346
1.7870210409164429 -1.3175755739212036 0.1386871188879013 0.9935527740932442 0.005378711364469155 0.006679615383730338
1.6414626836776733 -1.3314564228057861 0.13868601620197296 1.1397837636884927 0.006355791944433746 0.0066837085213653806
1.509445071220398 -1.344039797782898 0.13868026435375214 1.2723983167598298 0.0072452685554260125 0.006730554882885207
1.3676748275756836 -1.3575783967971802 0.1386903077363968 1.4148079177448496 0.008202099030313968 0.006706967174043906
1.2258872985839844 -1.3710620403289795 0.138680100440979 1.5572456135826378 0.009136636254628057 0.006414893713631067
1.0938159227371216 -1.3835954666137695 0.13868513703346252 1.6899292734517841 0.009987597168727338 0.00641184392480507
0.9520583152770996 -1.3970730304718018 0.1386689990758896 1.8323301888339307 0.010905330822310258 0.0064774123781247165
0.8102003335952759 -1.410606861114502 0.1386699676513672 1.9748504907398918 0.011859552782848684 0.006913068692603076
0.6683387756347656 -1.4241607189178467 0.1386701464653015 2.117374698095512 0.012826215966315706 0.006651621532611622
0.5361484289169312 -1.4367897510528564 0.13866879045963287 2.250170393103449 0.013716297348215485 0.006753452376360769
0.39421743154525757 -1.4503672122955322 0.13865895569324493 2.392734750687208 0.014695181009072068 0.00697884782212459
0.2522812485694885 -1.4640100002288818 0.13865424692630768 2.535310717547005 0.0157311392632583 0.007552914388304322
0.12004838138818741 -1.476755976676941 0.13865061104297638 2.6681624439637015 0.016746507930681647 0.007732530898637332
-0.021942470222711563 -1.4904491901397705 0.13865792751312256 2.8108148838546665 0.01787764136489433 0.00812572893591331
-0.16387014091014862 -1.5042569637298584 0.13864654302597046 2.953380878359297 0.019066257482930116 0.008548493873281486
-0.305799663066864 -1.5181429386138916 0.13865061104297638 3.0959794563285676 0.020313678460962117 0.008946619727239539
-0.4379921555519104 -1.5311188697814941 0.13865014910697937 3.2288119825019064 0.021524466632491027 0.009283171949951948
-0.4892720580101013 -1.5321974754333496 0.13867947459220886 3.2798431742479437 0.02475338308329597 0.11709513313252401
-0.503253161907196 -1.5191380977630615 0.13864178955554962 3.288375253789903 0.02737629746008169 0.4794014270672404
-0.5141912698745728 -1.5070754289627075 0.13864846527576447 3.28795241887715 0.027045686575812418 0.8478006201529571
-0.5312674045562744 -1.4998077154159546 0.13864724338054657 3.338048499038536 0.08341820703867968 0.8407615961850593
-0.5499588251113892 -1.504220724105835 0.13863658905029297 3.3380463372584415 0.08341442546872195 1.2621868265313716
-0.5093820095062256 -1.6009289026260376 0.13865268230438232 3.357872725097283 0.18528818411240477 1.494976838437268
-0.44387611746788025 -1.7165718078613281 0.13865980505943298 3.3679356919628356 0.31787285756527084 1.4951094560966398
-0.37351468205451965 -1.8406215906143188 0.13864566385746002 3.378666061786019 0.46006901166142333 1.495845210693842
-0.30133897066116333 -1.9677889347076416 0.13864706456661224 3.3896156186455073 0.6058921027799151 1.4958528340972246
-0.23086988925933838 -2.0917954444885254 0.13865149021148682 3.4002418450142473 0.7481029341409624 1.4965737439824975
-0.16030888259410858 -2.2157464027404785 0.13864383101463318 3.4107637892788514 0.8903374700567879 1.4973358821972425
-0.09444398432970047 -2.3312201499938965 0.13864527642726898 3.420468416772833 1.0229168899708687 1.4981202076256965
-0.02369830012321472 -2.4550249576568604 0.13866175711154938 3.430773072676943 1.1651872469423847 1.4988647734387714
0.047045737504959106 -2.578737735748291 0.13868039846420288 3.4409862067242023 1.3073510815036782 1.4992931162793874
0.1196654662489891 -2.705674171447754 0.13868430256843567 3.451433753646687 1.4532125061320553 1.499290716577127
0.19037558138370514 -2.8292574882507324 0.13867813348770142 3.461617230898663 1.5952390273851107 1.4991444551256385
0.20695576071739197 -2.8689417839050293 0.13869759440422058 3.461345210688891 1.636476656143584 1.655640822416093
0.1944054514169693 -2.8822169303894043 0.138661190867424 3.460777468973259 1.6384308213447927 2.051442512567369
0.27493447065353394 -2.915266513824463 0.13866563141345978 3.4096158545885986 1.7125888128469462 2.2979808922434075
0.4131251871585846 -2.9503426551818848 0.13866755366325378 3.3148674750522416 1.8191425062906668 2.297252731083913
0.5548442006111145 -2.9863734245300293 0.1386740505695343 3.217735098662831 1.9284574961883352 2.2972514619451396
0.5948495864868164 -3.0020697116851807 0.13869550824165344 3.187618868321277 1.9573719745702893 2.455848057216197
0.6885109543800354 -3.001957416534424 0.1386806219816208 3.106551585850534 2.011002172060485 2.65843105152688
0.7388668060302734 -2.9997482299804688 0.13869759440422058 3.061794006738912 2.03131064659126 2.7728284217214982
0.8197528123855591 -2.9758830070495605 0.13867393136024475 2.978599088662188 2.0562745093235524 2.9273244816132777
0.8635096549987793 -2.960768938064575 0.1386946737766266 2.933759015613282 2.0641539982038615 3.0079641787029354
0.8794771432876587 -2.9633445739746094 0.1386704444885254 2.8915888462583585 2.068210387806115 3.0834292619723276
0.920230507850647 -2.92573881149292 0.13864652812480927 2.833134126476969 2.0622013868859885 3.4046314691484394
0.9736629724502563 -2.836519479751587 0.13863930106163025 2.7326173151610615 2.0352782943133887 3.401961287803692
1.0220081806182861 -2.7559735774993896 0.13863691687583923 2.641851616018057 2.0110825703660797 3.4022547095917965
1.0703353881835938 -2.675424814224243 0.1386372447013855 2.5511038815830562 1.9868536417222327 3.402742996834364
1.1236337423324585 -2.5865108966827393 0.13867275416851044 2.450925129082002 1.9600582919998106 3.4031568320449734
1.1768300533294678 -2.497710943222046 0.13867275416851044 2.350938351745838 1.9332902601465454 3.40319155549591
1.2249070405960083 -2.417395830154419 0.13867999613285065 2.2604274862911717 1.909054848132724 3.403244064031158
1.2800304889678955 -2.3253912925720215 0.13868096470832825 2.1568389480087906 1.8813145044458748 3.4032495977927253
1.3332021236419678 -2.2366220951080322 0.13868393003940582 2.0569025080622496 1.854522317171206 3.403801466175238
1.3812748193740845 -2.1562159061431885 0.13868321478366852 1.9664315692522456 1.8302175301640513 3.404285355301288
1.4362906217575073 -2.064171314239502 0.13868620991706848 1.8628728661107896 1.8023698954004606 3.404285134527424
1.4842983484268188 -1.9837977886199951 0.13869015872478485 1.7724716103588147 1.7780424867573228 3.404654651556398
1.537291169166565 -1.894982099533081 0.13868026435375214 1.6726096047953023 1.7511225701766464 3.405154832975387
1.592238187789917 -1.8028948307037354 0.13868850469589233 1.5690760409881417 1.7231847094858068 3.4051624253444115
1.6471704244613647 -1.7107970714569092 0.13868623971939087 1.4655401610876673 1.6952461292580228 3.4051565355052036
1.7021020650863647 -1.6186714172363281 0.13867834210395813 1.362008246109856 1.6673078353175605 3.4051765356992942
1.7570583820343018 -1.5265620946884155 0.13866379857063293 1.2584736158717227 1.6393675086403785 3.4051799435722008
1.8119930028915405 -1.4344675540924072 0.138665109872818 1.1549381012388535 1.611426642931235 3.405181943992898
1.8650474548339844 -1.345479965209961 0.13865633308887482 1.0549285058229603 1.5844034607588176 3.40581082123344
1.9180593490600586 -1.2564220428466797 0.13865171372890472 0.9548972001112264 1.5573163571992157 3.4062635446429717
1.9709751605987549 -1.167354702949524 0.13865026831626892 0.8549017587907155 1.530179267021197 3.406923101605401
2.0238866806030273 -1.0781971216201782 0.1386421024799347 0.7548674855772046 1.5029640658869816 3.407521645671107
2.0785746574401855 -0.9859617948532104 0.13864931464195251 0.6513976552832536 1.4747809729649943 3.40752089124966
2.133256435394287 -0.8937212228775024 0.1386490762233734 0.5479276560896186 1.4465978920204279 3.4075206023222977
2.1879382133483887 -0.8014706373214722 0.13863922655582428 0.44445917006217595 1.4184160472345777 3.4075060636579337
2.242649555206299 -0.7092408537864685 0.13864484429359436 0.3409890112983065 1.39023416782301 3.4075130270734757
2.2904880046844482 -0.628446638584137 0.13864055275917053 0.25040868218721396 1.3655313636390805 3.4081574314008956
2.343291997909546 -0.5391965508460999 0.138664111495018 0.1503575447852955 1.3381922285508507 3.4085079313259246
2.3910586833953857 -0.45839881896972656 0.1386679708957672 0.05983798850545069 1.31342723257339 3.408781994980744
2.4406425952911377 -0.3744690418243408 0.1386575996875763 -0.034193001951613525 1.2876878853014206 3.408778383388713
2.4933643341064453 -0.2852519154548645 0.13866324722766876 -0.13414191146573567 1.2603205153903585 3.40893268865823
2.54105806350708 -0.20448008179664612 0.13865773379802704 -0.2246033722918706 1.2355311170769703 3.4091860128112748
2.5955615043640137 -0.11212625354528427 0.13865216076374054 -0.32802480922741906 1.2071764365672901 3.409181357870435
2.643280267715454 -0.03131683170795441 0.13868334889411926 -0.4185466007346444 1.1823540667202839 3.4092751629541156
2.6928038597106934 0.052638761699199677 0.13867546617984772 -0.5125682758358623 1.156568156040613 3.409256985545318
2.7453038692474365 0.14168865978717804 0.13867591321468353 -0.6122570656228581 1.1292367640278056 3.409111837668039
2.799778461456299 0.23403796553611755 0.13867680728435516 -0.7156801749886735 1.1008892508543948 3.409118371138345
2.8474104404449463 0.31472498178482056 0.13868243992328644 -0.8060336879423051 1.0761393463300053 3.408796233747788
2.9019293785095215 0.4070822596549988 0.13867951929569244 -0.9094655631064826 1.0478244716605998 3.4088036977046516
2.954561471939087 0.4961661398410797 0.13867288827896118 -1.0092933142094531 1.0205107115257612 3.408526504003406
3.002264976501465 0.5768813490867615 0.13867563009262085 -1.0997450025827529 0.9957661736554319 3.4087245355547537
3.056810140609741 0.6691998243331909 0.13867723941802979 -1.203179776249343 0.9674581937309927 3.408737098878921
3.1094605922698975 0.7583315968513489 0.13866908848285675 -1.3030351094846704 0.9401436051260459 3.4084679128797837
3.1571414470672607 0.8389914631843567 0.13868184387683868 -1.3934452464965923 0.91542933953232 3.4083940147561953
3.2097599506378174 0.9279605746269226 0.13868674635887146 -1.4931589697156433 0.8881765782722041 3.408380065985196
3.2643215656280518 1.0202962160110474 0.13868378102779388 -1.5966027237860434 0.8599061019885936 3.408362714291928
3.3169777393341064 1.1092866659164429 0.13868455588817596 -1.6963666553351768 0.83264296648709 3.408348908915928
3.3646464347839355 1.189925193786621 0.1386861503124237 -1.7867421931067657 0.8079515381885137 3.408237511366177
3.4192378520965576 1.2822322845458984 0.1386842131614685 -1.890189958119693 0.7796944231509999 3.4082451739606023
3.473832368850708 1.37453031539917 0.13867558538913727 -1.9936393557955467 0.7514372662564157 3.4082302410962373
3.5264899730682373 1.463590145111084 0.1386752873659134 -2.093459001133465 0.7241753662341913 3.4081744781152814
3.5743114948272705 1.5444415807724 0.13866978883743286 -2.1840700329589953 0.6994351171335588 3.4080931932173075
3.6289265155792236 1.6367229223251343 0.13865937292575836 -2.287524216576125 0.671192286211542 3.4081009691101314
3.6766891479492188 1.7174186706542969 0.13865111768245697 -2.3779918955930857 0.6464862474254444 3.408268137666598
3.6947226524353027 1.744413137435913 0.13867512345314026 -2.409035114945894 0.637197420883133 3.4564036609747135
3.7104389667510986 1.7578424215316772 0.13867716491222382 -2.4286527809953595 0.6286464319618869 3.6488849189458556
3.7223987579345703 1.7526295185089111 0.1386379450559616 -2.428923738553014 0.6284447667601748 3.913946207108306
3.7376303672790527 1.7512823343276978 0.1386440396308899 -2.4289071521166723 0.6284669776463897 4.227969607659847
3.7504966259002686 1.7539613246917725 0.13863898813724518 -2.4288037925921926 0.6287509443441406 4.498651160100229
3.7618508338928223 1.7621663808822632 0.13864795863628387 -2.440958291390538 0.5732037642153882 4.495289312602533
3.7252166271209717 1.7895209789276123 0.13866975903511047 -2.444357623572595 0.5275670110976862 4.780789803931431
3.626927614212036 1.8230708837509155 0.1386645883321762 -2.4373964770045897 0.4238640914634424 4.778038758408579
3.5381290912628174 1.8535807132720947 0.1386469304561615 -2.4312185620062614 0.33020096272624155 4.778466152704677
3.4367153644561768 1.8883854150772095 0.13865596055984497 -2.4241379363016886 0.22319700246930424 4.778462396648965
3.3479435443878174 1.918826699256897 0.13865114748477936 -2.417913336766738 0.12957202801226536 4.779088951685993
3.2497775554656982 1.9524339437484741 0.1386389434337616 -2.4109668123382524 0.02607058637486076 4.779718493374449
3.148320198059082 1.987081527709961 0.13864228129386902 -2.4037523980958673 -0.08092476887033542 4.779710371305259
3.0594658851623535 2.017397880554199 0.1386449635028839 -2.3973975187266214 -0.17458377930052454 4.780562380912569
2.961351156234741 2.050795078277588 0.13864442706108093 -2.3903196253454992 -0.27799871096691564 4.78088583910773
