0.0 0.0 0.0 0.0 0.0 0.0
-2.0181708335876465 -0.8249741792678833 0.13864269852638245 0.008012675165532805 -1.902988663043797e-06 -0.0004749945774540637
-1.9798780679702759 -0.8249746561050415 0.13864882290363312 0.04649710422512788 -2.328163070109646e-05 -0.0006360334596685259
-1.9506235122680664 -0.8250262141227722 0.1386539340019226 0.07573616431508896 -4.1003937092240435e-05 -0.0005762014183578567
-1.9119457006454468 -0.8251303434371948 0.13869567215442657 0.11423789646335608 -1.0734662984077674e-05 0.0021485601764179006
-1.8728004693984985 -0.8250609636306763 0.13868938386440277 0.1533797346208834 8.917119622605074e-05 0.0029562405666714105
-1.8435766696929932 -0.8249567151069641 0.13868537545204163 0.18262696888581723 0.00017586851130615576 0.002972324189848685
-1.8045936822891235 -0.8248193860054016 0.13868704438209534 0.22162263881066774 0.00029187865474807984 0.0029775569854133526
-1.7655823230743408 -0.8246771693229675 0.1386878937482834 0.26061645476547773 0.00040792521906576754 0.002974475093547059
-1.7265886068344116 -0.8245270848274231 0.13868263363838196 0.29961316535080623 0.0005237988688897956 0.002968247103733904
-1.7012914419174194 -0.8244342803955078 0.13868668675422668 0.3249251358009062 0.0006020321490276281 0.0032132575071050656
-1.662287950515747 -0.8242741823196411 0.13868451118469238 0.36392102691467254 0.0007273201454573813 0.003212422828057942
-1.636890172958374 -0.8241780996322632 0.1386794149875641 0.3893487821242759 0.000811872032954645 0.003437914582942506
-1.6076370477676392 -0.8240583539009094 0.1386830061674118 0.4185947226201588 0.0009124090243494336 0.003437336728217582
-1.5686546564102173 -0.8238679766654968 0.1386810541152954 0.4575897943146381 0.0010464362256590689 0.0034366946674121105
-1.5393916368484497 -0.8237495422363281 0.13867932558059692 0.4868362231536013 0.0011469213779099518 0.0034348968971567783
-1.510160207748413 -0.8236211538314819 0.13868448138237 0.5160836459467045 0.0012473512613058863 0.003432681787377869
-1.4711627960205078 -0.8234548568725586 0.13868758082389832 0.5550784192761958 0.0013811085990021897 0.003427561352454165
-1.4419167041778564 -0.823328971862793 0.1386857032775879 0.584325020359953 0.0014813589098989126 0.003427930537417326
-1.4029229879379272 -0.8231769800186157 0.13867522776126862 0.6233204213196071 0.001615013359421498 0.0034269253109687494
-1.373673677444458 -0.8230445981025696 0.13868927955627441 0.652566500620934 0.0017154282723005202 0.0034399451002398653
-1.3384835720062256 -0.8229109048843384 0.13868364691734314 0.6877617680913147 0.0018416303524938084 0.0037315610923288095
-1.299494981765747 -0.8227260708808899 0.13868077099323273 0.7267573216722968 0.0019871378070615542 0.003731175855845543
-1.2604985237121582 -0.8225471377372742 0.138680100440979 0.7657530089087573 0.0021326476381957763 0.0037316574014496498
-1.2350051403045654 -0.822437584400177 0.13868455588817596 0.7912358137300459 0.002233853518690958 0.004211373132264012
-1.1960026025772095 -0.82225501537323 0.1386842429637909 0.830229695832077 0.0023978363042844756 0.004199270286080697
-1.157021164894104 -0.8220474123954773 0.13868054747581482 0.8692260839026295 0.0025615310442991036 0.004196059982053303
-1.1180164813995361 -0.8218467831611633 0.13868360221385956 0.9082214727168157 0.002725148979975468 0.0041955463334089295
-1.0925651788711548 -0.8217377662658691 0.13868504762649536 0.9336606662028248 0.0028379399491939407 0.004671891244994525
-1.0535743236541748 -0.8215017318725586 0.13868454098701477 0.9726562866506583 0.0030200957786258135 0.004670414505141899
-1.014573335647583 -0.8212788701057434 0.138680562376976 1.0116518956920522 0.0032022052342941627 0.004669515620014242
-0.9755712747573853 -0.8210400342941284 0.1386883556842804 1.0506482138165014 0.0033842979705369456 0.004669387207853134
-0.9501699209213257 -0.8209171295166016 0.1386876255273819 1.0760597361415056 0.0035099400009761224 0.005219119669505083
-0.9111801981925964 -0.8206841349601746 0.1386839747428894 1.1150552859444782 0.0037134342440910584 0.0052175787235719424
-0.8721914291381836 -0.8204370737075806 0.1386856734752655 1.1540502519770945 0.003916873174409585 0.0052164390656422276
-0.8429359197616577 -0.8202516436576843 0.1386852115392685 1.1832953929750087 0.004069529458438582 0.0052232368844202445
-0.8039321899414062 -0.8199998140335083 0.1386827528476715 1.2222906518484593 0.0042732130492900335 0.005223250427890361
-0.7649322152137756 -0.8197582960128784 0.13868975639343262 1.2612856465178932 0.004476889157153298 0.00522292387977757
-0.7259445786476135 -0.8195160627365112 0.13868476450443268 1.300281913291951 0.004680527671168704 0.0052209816458410096
-0.7179343700408936 -0.8194624185562134 0.13871276378631592 1.3077836063607085 0.004720242908501726 0.005367259148849484
-0.7061065435409546 -0.8198658227920532 0.1386948525905609 1.3195462461942669 0.004857548332583125 0.01797770255343926
-0.6944426894187927 -0.8211005330085754 0.1387031376361847 1.3308033339776624 0.0052770834772644 0.05652488241075834
-0.6862002611160278 -0.8231661915779114 0.13869096338748932 1.3386740362877287 0.005975468067748161 0.12047592035529864
-0.6821861267089844 -0.8265020251274109 0.13867846131324768 1.34253284323865 0.006611567801425714 0.20627285248501304
-0.681753396987915 -0.8285847902297974 0.1386747658252716 1.3427175970430532 0.006654310088228695 0.2484223144914775
-0.6828521490097046 -0.8332446813583374 0.13866578042507172 1.3409568538644927 0.0061242388446524736 0.3364168120885881
-0.6840418577194214 -0.8380712270736694 0.1386573612689972 1.338229304928651 0.00502818996428262 0.42777304375407094
-0.6818738579750061 -0.8421987295150757 0.13865306973457336 1.337968546400686 0.0048921567241664325 0.5339129662385322
-0.6779949069023132 -0.8455683588981628 0.13865110278129578 1.35477779979032 0.014830786748267728 0.5340227154978089
-0.673748254776001 -0.8484947085380554 0.1386553794145584 1.3548222129657124 0.014860386398411196 0.641697722100912
-0.6666070222854614 -0.8497112989425659 0.138667494058609 1.3584380940667868 0.01796249451046707 0.7764413651861453
-0.6510870456695557 -0.8353543281555176 0.13867776095867157 1.3725511137462134 0.03328919273734366 0.8767600765494451
-0.6389642953872681 -0.8182480931282043 0.13869425654411316 1.3857304380565763 0.04959348745001676 0.905227880903457
-0.6191299557685852 -0.7850627899169922 0.13868050277233124 1.4096504396091676 0.0801010694882987 0.9064644137700908
-0.6061632633209229 -0.7632030248641968 0.13868145644664764 1.4253504898995428 0.10011826743378832 0.9049051008850221
-0.5861429572105408 -0.7297418713569641 0.1386890411376953 1.4494405396203442 0.1307832647919691 0.9049054219154248
-0.5731302499771118 -0.7079523801803589 0.13868723809719086 1.4651231741754072 0.15074031313180336 0.904618854126419
-0.5531012415885925 -0.674484133720398 0.13868167996406555 1.4892230413891394 0.18139999784719732 0.9046274256381721
-0.5400067567825317 -0.6526122689247131 0.1386777013540268 1.5049798611931542 0.20144812010776206 0.9047354202656538
-0.5199640989303589 -0.6191532611846924 0.13868291676044464 1.5290757506145953 0.23210996103280704 0.9047395856351294
-0.5068545341491699 -0.5972578525543213 0.13867919147014618 1.5448442520581653 0.2521812894098651 0.9050272208502244
-0.48682624101638794 -0.5637840032577515 0.13868595659732819 1.568931488935411 0.28285021993036175 0.9050213540196143
-0.47180476784706116 -0.5386989712715149 0.13868319988250732 1.5869960215754129 0.3058505392143429 0.9050171244440581
-0.45178017020225525 -0.5052353739738464 0.13868367671966553 1.6110835508244665 0.3365193197895172 0.9050149082655968
-0.4367697238922119 -0.48013725876808167 0.13867591321468353 1.6291487813619934 0.35952022339728695 0.9050107188188411
-0.4167552888393402 -0.4466729760169983 0.13868264853954315 1.653235782628387 0.39018799221211037 0.9050105583036397
-0.40174657106399536 -0.4215836524963379 0.1386757791042328 1.6713011204939796 0.41318899256894975 0.9050133833711839
-0.38173046708106995 -0.3881290555000305 0.13867995142936707 1.6953880840824354 0.4438568279248372 0.905011521394848
-0.36864739656448364 -0.36621931195259094 0.13867899775505066 1.7111336513697035 0.46390416115558325 0.905007187484411
-0.34862515330314636 -0.33275604248046875 0.1386781930923462 1.7352218193583184 0.49457314182427375 0.9050054218171959
-0.3336150646209717 -0.307675302028656 0.13867761194705963 1.7532863578915197 0.517572880334264 0.9050082078246221
-0.3155894875526428 -0.27755463123321533 0.13868509232997894 1.7749753942030633 0.54519492960922 0.905272989687922
-0.2955675423145294 -0.24407121539115906 0.1386813074350357 1.7990534155866698 0.5758679641227392 0.9052773115597189
-0.280580997467041 -0.2189803570508957 0.1386840045452118 1.817113125791655 0.5988743383373084 0.9052762441336298
-0.2624742388725281 -0.18872004747390747 0.13868001103401184 1.8388828807811124 0.6266131161076 0.9054928754493988
-0.24245095252990723 -0.15522979199886322 0.1386825144290924 1.8629552564085798 0.6572926435254614 0.9054908048033011
-0.22245261073112488 -0.12176513671875 0.138685405254364 1.8870274620956526 0.6879718869279097 0.9054907405972206
-0.20938479900360107 -0.09992880374193192 0.13868215680122375 1.9027383501737214 0.7080075357701963 0.9061033709405294
-0.18939058482646942 -0.06644494086503983 0.13867352902889252 1.9267916247722119 0.73870137328616 0.9061040792138555
-0.16940352320671082 -0.03295667842030525 0.13867895305156708 1.950844739730612 0.7693949971948665 0.9061030579358867
-0.14941538870334625 0.000528754317201674 0.1386803388595581 1.9748974526350902 0.8000879235211148 0.9060982414111632
-0.13632257282733917 0.02246026135981083 0.13867470622062683 1.9906528552328862 0.8201993156563333 0.9064124820208853
-0.11634846031665802 0.05594998598098755 0.13867101073265076 2.0146965090247333 0.8509004128315084 0.9064130117210498
-0.09636801481246948 0.08944431692361832 0.13867619633674622 2.038740058962094 0.8816014621638876 0.9064151626247482
-0.07639405131340027 0.12292524427175522 0.13868150115013123 2.0627836511792412 0.9123025817260662 0.9064135253696942
-0.06330554187297821 0.14484187960624695 0.1386769860982895 2.0785190047274043 0.9324020056084747 0.9067554869546929
-0.043328262865543365 0.17832735180854797 0.13867609202861786 2.1025517380564778 0.9631107369838345 0.9067523890113064
-0.023350615054368973 0.21182887256145477 0.1386636644601822 2.12658408735458 0.9938193448233037 0.9067670932724343
-0.003377392888069153 0.2453192174434662 0.13865922391414642 2.150616415181238 1.0245286688878905 0.9067758955247894
0.009678884409368038 0.26721030473709106 0.1386617124080658 2.1663247198741695 1.0446093279380642 0.9071564870994377
0.02965448424220085 0.3007083535194397 0.13866528868675232 2.1903455538599537 1.0753283123453836 0.9071560858114343
0.049602210521698 0.33420461416244507 0.13864871859550476 2.2143665696708426 1.1060474312199566 0.9071533891560513
0.06271149963140488 0.3562130331993103 0.13865794241428375 2.2301515139945685 1.126236889077072 0.907299586401459
0.07768214493989944 0.381347119808197 0.13865259289741516 2.248164204101286 1.1492791831120366 0.907299827174261
0.09762725979089737 0.4148681163787842 0.13865920901298523 2.2721802317758115 1.1800010437518784 0.9072978046827238
0.11258651316165924 0.44000497460365295 0.1386515200138092 2.2901928625963013 1.2030431739046559 0.9072979009918446
0.13253572583198547 0.473486989736557 0.13864587247371674 2.3142093189074235 1.2337654882835687 0.9072967432759547
0.145631805062294 0.49547410011291504 0.13864824175834656 2.329965483485045 1.253924824770192 0.907478271923624
0.16059134900569916 0.5205932855606079 0.13865071535110474 2.3479735526827854 1.2769697017190362 0.9074788808127068
0.17870356142520905 0.5509956479072571 0.1386619210243225 2.369746418358167 1.3048408906951336 0.9077746621742713
0.19364744424819946 0.5761219263076782 0.13864240050315857 2.387748016393373 1.3278915084825833 0.9077728965070562
0.2135636806488037 0.6096174716949463 0.13865865767002106 2.4117500638447913 1.3586254429835931 0.90777100242768
0.22852011024951935 0.6347630023956299 0.13865414261817932 2.4297514906698647 1.3816756562008259 0.9077687552148609
0.24346449971199036 0.6599028706550598 0.13865341246128082 2.447752884194561 1.4047258733034091 0.9077729607131367
0.2615588307380676 0.6902491450309753 0.13865835964679718 2.469490570061511 1.4325783348494296 0.9083973006403855
0.2765037715435028 0.7153955698013306 0.13865919411182404 2.487478732169514 1.4556411565104364 0.908387990758706
0.29641300439834595 0.7489246129989624 0.13865679502487183 2.511461668737544 1.4863897430955664 0.9083909372813336
0.3113510310649872 0.7740674018859863 0.13865873217582703 2.529448634549931 1.5094510076470231 0.9083933730995144
0.33126819133758545 0.807590663433075 0.13865572214126587 2.553431204813969 1.5401994328777358 0.9083952792175307
0.3462091088294983 0.832736611366272 0.13865084946155548 2.5714180924804957 1.5632607206082194 0.9083942198172017
0.3661263585090637 0.8662601709365845 0.13864970207214355 2.5954009979004886 1.5940094583770237 0.9083907366373319
0.38105788826942444 0.8914100527763367 0.13865484297275543 2.6133883013513577 1.6170711440818977 0.9083930801592719
0.4009808897972107 0.9249354600906372 0.13865597546100616 2.637370728682925 1.647819410864348 0.9083963546693798
0.41592198610305786 0.9500741958618164 0.1386510282754898 2.655358036824767 1.6708813029584137 0.9083958891752959
