0.0 0.0 0.0 0.0 0.0 0.0
-0.8383205533027649 -3.3480076789855957 0.13866804540157318 0.12437839933712481 9.341848532488743e-05 0.0015021654605009368
-0.7078872323036194 -3.286344528198242 0.138653963804245 0.26868094156741007 0.0006651152468665853 0.006421378527766239
-0.5790690779685974 -3.2251205444335938 0.1386747658252716 0.41131194659277337 0.001593626295946126 0.006598202073595416
-0.4503723680973053 -3.164013624191284 0.13868093490600586 0.5538093265628719 0.002508068048087115 0.006236127933865157
-0.3215600252151489 -3.1028666496276855 0.13867934048175812 0.6963834909909965 0.0033880278125263236 0.006107603412128175
-0.1928206980228424 -3.041722536087036 0.1386829912662506 0.838913782188482 0.004282735821611271 0.006446868341743831
-0.06417642533779144 -2.9806039333343506 0.13868215680122375 0.9813444202536886 0.0052176565691284624 0.006681027917502432
0.06451809406280518 -2.919412136077881 0.13867811858654022 1.1238542089811596 0.0061748610876865995 0.006752296666910665
0.19321541488170624 -2.8582146167755127 0.13866841793060303 1.2663741884434279 0.0071398037917102305 0.006788653360020936
0.32193106412887573 -2.796963691711426 0.13868030905723572 1.4089073402016177 0.008125505299209801 0.007042315532745981
0.4506022036075592 -2.7357001304626465 0.13868020474910736 1.5514334549347053 0.009136451721951861 0.007143568521770141
0.5792403221130371 -2.6744515895843506 0.13867498934268951 1.6939053830083133 0.010155404824234193 0.00716010158751128
0.7077914476394653 -2.6131913661956787 0.1386757791042328 1.836292080822114 0.011195515618203809 0.007449300979352674
0.8363556861877441 -2.5518922805786133 0.1386777013540268 1.9787355261975896 0.012264597781584606 0.00756103645749327
0.9737911224365234 -2.4863908290863037 0.13868211209774017 2.1309796772202327 0.013403020412581469 0.007393908029826794
1.102341651916504 -2.4250340461730957 0.13867776095867157 2.2733908919005588 0.01449792740189765 0.00798248517021039
1.222096562385559 -2.3678202629089355 0.13869056105613708 2.4061309913821307 0.015572562191671874 0.008208723320781364
1.3505216836929321 -2.3063907623291016 0.13868363201618195 2.5484843802328245 0.016778716980588377 0.008736794256008444
1.3984875679016113 -2.2881999015808105 0.13868460059165955 2.5960643058483286 0.019988848693660913 0.12599541212112747
1.418791651725769 -2.295114755630493 0.13865111768245697 2.5994347866536085 0.021104288612933144 0.5132015613936011
1.4397454261779785 -2.296679973602295 0.13864874839782715 2.6661746827422306 0.058695652629129444 0.5127191340245659
1.4386863708496094 -2.196331262588501 0.13868170976638794 2.745153471335842 0.11770717011433332 0.7706709711712976
1.4158765077590942 -2.0557737350463867 0.13868635892868042 2.8473263259673933 0.21688425321624835 0.7703706853518947
1.394649863243103 -1.9249088764190674 0.1386835277080536 2.942465552330878 0.3092387381793697 0.7707229208475386
1.3908405303955078 -1.8746780157089233 0.13868749141693115 2.9744387444289364 0.3442300871839478 0.8901543848390427
1.4038631916046143 -1.858453392982483 0.1386532485485077 3.017949183691395 0.3987929764206844 0.9050865190475657
1.3372234106063843 -1.7981083393096924 0.13868805766105652 3.062608007681344 0.47817572830649074 1.2116118864268335
1.2161375284194946 -1.7233083248138428 0.13868072628974915 3.112729518860593 0.611376559845835 1.2101867511427875
1.1833041906356812 -1.6965385675430298 0.13869352638721466 3.1241838570407787 0.6508801946651075 1.3669711939964584
1.0961368083953857 -1.669140100479126 0.13868066668510437 3.133188294269127 0.7450807655850953 1.5840246968480438
0.9558098912239075 -1.644521951675415 0.1386762261390686 3.131340322320529 0.8875472176379579 1.5835090578151627
0.8117920160293579 -1.6192138195037842 0.13867707550525665 3.1294812868947393 1.0337702531501014 1.58350962068705
0.6714377403259277 -1.594541311264038 0.13868096470832825 3.12767176630591 1.1762639512446578 1.5834795711726712
0.5310108661651611 -1.5698637962341309 0.13868023455142975 3.1258593177628287 1.3188315076249761 1.583537533211886
0.4001905024051666 -1.5468943119049072 0.1386747807264328 3.1241484048851635 1.4516415916789915 1.5838184990203639
0.2790144681930542 -1.5256271362304688 0.13866858184337616 3.122526622449765 1.574650853463936 1.5841410874892397
0.1674041599035263 -1.5060721635818481 0.13866885006427765 3.121022983491413 1.6879514394458046 1.5839924825158114
0.12200168520212173 -1.4953973293304443 0.13869604468345642 3.1186949599913607 1.7347874970780708 1.656930012163611
0.10702051967382431 -1.4850437641143799 0.13866540789604187 3.115644819605826 1.7499261013430594 1.8823009312045855
0.10424844920635223 -1.470881462097168 0.13865002989768982 3.115944295959897 1.7493408267657233 2.205195782214564
0.09632793813943863 -1.4558861255645752 0.1386587917804718 3.115725507109903 1.749545778584203 2.5724789612597156
0.05460267513990402 -1.508404016494751 0.13865789771080017 3.0557262956319886 1.7795953573367125 2.7820789407356856
-0.000537633546628058 -1.6074644327163696 0.13866814970970154 2.949590881455787 1.8195727526192649 2.780648831617762
-0.050981443375349045 -1.6979544162750244 0.13865196704864502 2.8526728280674893 1.8561460739061382 2.780854402367474
-0.09664960205554962 -1.779968500137329 0.13865455985069275 2.7648157783688045 1.8892755123480325 2.7811389155619026
-0.16595964133739471 -1.9045509099960327 0.13865962624549866 2.6313887414636072 1.9395478797741863 2.7813893473662
-0.2399560511112213 -2.037703037261963 0.13866013288497925 2.4888048477868714 1.993228024739827 2.7816588403506604
-0.3139196038246155 -2.170841693878174 0.13866093754768372 2.3462443016895564 2.0468539213463193 2.7819479774515705
-0.3926048278808594 -2.312636613845825 0.13865618407726288 2.194438974922923 2.103906367990567 2.7822473853880036
-0.46646109223365784 -2.445831298828125 0.13867346942424774 2.0518466718301265 2.1574473789972686 2.782549501080702
-0.5402055382728577 -2.57889986038208 0.13867874443531036 1.9093617180159064 2.2109029468142465 2.782802703778663
-0.6138603687286377 -2.711963176727295 0.138691246509552 1.7669652423488147 2.264257511154252 2.7833845242977513
-0.6921168565750122 -2.8535804748535156 0.1386898308992386 1.615412769389875 2.3209504125324814 2.7838713176802634
-0.7655912637710571 -2.986724853515625 0.13869038224220276 1.4729385077697845 2.374176335057742 2.7842588956790513
-0.8437079191207886 -3.128361940383911 0.1386861503124237 1.3213768984862149 2.430723082862549 2.784728950401183
-0.9170955419540405 -3.261611223220825 0.13868537545204163 1.1788360351806322 2.483839510213349 2.7850563051028567
-0.9904249310493469 -3.394895553588867 0.13868054747581482 1.0362462002670747 2.53690623882353 2.7855659248156863
-1.0683826208114624 -3.5367374420166016 0.13869190216064453 0.8845275247119782 2.593283417121887 2.786063499869093
-1.1415531635284424 -3.6700387001037598 0.13868236541748047 0.7419410434381069 2.6461903044680892 2.7865133336887324
-1.2193939685821533 -3.811990737915039 0.13868224620819092 0.5901479758347211 2.7024396447049477 2.7869167404928157
-1.2924875020980835 -3.945490598678589 0.1386711299419403 0.44741318742840414 2.755264834311983 2.7873445937620676
-1.3205125331878662 -3.9816269874572754 0.1386721283197403 0.40571565098737655 2.76606465070761 2.9889714701813475
-1.3385144472122192 -3.9811034202575684 0.13865575194358826 0.40762412435459017 2.7661590614618348 3.393071756114652
-1.3567874431610107 -3.9941062927246094 0.13863900303840637 0.40762614351141996 2.7661601350029805 3.867448831589047
-1.368030309677124 -4.010255813598633 0.1386435329914093 0.35096697613456407 2.7160046595901375 3.8649076662129156
-1.274715542793274 -4.0476460456848145 0.13868068158626556 0.2852821529673122 2.6384323084606773 4.1546552784781055
-1.2245380878448486 -4.065272331237793 0.13868610560894012 0.26202944882629986 2.593648544612369 4.312309696602999
-1.220141053199768 -4.083354949951172 0.13864411413669586 0.2343932680610266 2.527312320418601 4.322986540720163
-1.138371229171753 -4.042864799499512 0.13868720829486847 0.2114802653198902 2.436611669655423 4.6069011418595265
-1.0302550792694092 -3.9658913612365723 0.1386709213256836 0.19744267773933452 2.304609212401971 4.605986412812797
-0.9269759058952332 -3.892460584640503 0.13866499066352844 0.18398292121640902 2.1785875899839064 4.605988002981973
-0.8236907124519348 -3.8189914226531982 0.13866527378559113 0.17052342647406016 2.0525691075228782 4.605985258172029
-0.7313563823699951 -3.7532925605773926 0.13868477940559387 0.15849762069813 1.9398742357945054 4.606174898856688
-0.6470277309417725 -3.693267822265625 0.1386776566505432 0.1475165724025572 1.8369337717871281 4.6060592717313815
-0.5546554923057556 -3.627561569213867 0.13867178559303284 0.13549180773931438 1.7242463383311688 4.606105226164852
-0.4702986180782318 -3.567561388015747 0.13867402076721191 0.12449905990924894 1.6212910053869485 4.605934694814916
-0.3829069137573242 -3.5054214000701904 0.13867667317390442 0.11310397284301932 1.5146564127765643 4.605929107948151
-0.29553133249282837 -3.443274736404419 0.1386825144290924 0.1017089634538141 1.408023721033042 4.605932368413178
-0.21915335953235626 -3.3889129161834717 0.13867975771427155 0.09175508969797005 1.314782083489261 4.6061441000024255
-0.1268320381641388 -3.3232340812683105 0.1386760175228119 0.07973323243681066 1.2021323690680303 4.606000779992002
-0.03453003242611885 -3.2575466632843018 0.13868358731269836 0.06771156060678182 1.0894814431259545 4.60614962466955
0.05779583007097244 -3.191859722137451 0.13867558538913727 0.05569275787153872 0.9768127361976573 4.606084440514956
0.1531229317188263 -3.1240437030792236 0.13867096602916718 0.0432795225131603 0.8604838346707809 4.6060818722717345
0.2533215880393982 -3.0527310371398926 0.13868513703346252 0.030226397843399602 0.7381764049911677 4.60605320425677
0.3456336259841919 -2.987048864364624 0.1386822909116745 0.018199526292951275 0.6255118292621056 4.606031502601545
0.4379117488861084 -2.921354293823242 0.13867536187171936 0.006188909526455597 0.5128902610960524 4.606258004533516
0.5301376581192017 -2.8556652069091797 0.13867288827896118 -0.005799435021289434 0.4002891216134804 4.606384394203075
0.6333757638931274 -2.78214693069458 0.1386795938014984 -0.019208858999349196 0.27426496439881964 4.606384070228475
0.7256558537483215 -2.7164065837860107 0.1386781632900238 -0.031186912267673957 0.16159810795545962 4.606561780620791
0.8209134340286255 -2.6485373973846436 0.13867920637130737 -0.04354399469187158 0.0452634400126332 4.606569541530778
0.9210264086723328 -2.57718563079834 0.1386769711971283 -0.05651028948256591 -0.07698251709934566 4.606864077830849
1.013216257095337 -2.5114643573760986 0.138675257563591 -0.06844373379151998 -0.1895773618337999 4.606730850213712
1.1132948398590088 -2.440082311630249 0.13867366313934326 -0.08138239903167285 -0.3118395566106552 4.607177585152207
1.2054646015167236 -2.3743093013763428 0.13869504630565643 -0.09326937572380592 -0.4244461194017361 4.60725533470287
1.3006868362426758 -2.306368112564087 0.1386936753988266 -0.10554616772800968 -0.540786870676853 4.607251935793482
1.3403061628341675 -2.2819247245788574 0.13869397342205048 -0.10834113272362701 -0.5847876256863558 4.690654795733403
1.359499454498291 -2.2790274620056152 0.1386537253856659 -0.10718916836305202 -0.5963248385192346 4.9331589147503685
1.377110481262207 -2.282484769821167 0.13864627480506897 -0.1075907288668424 -0.5953883627877233 5.30178827058333
1.3863855600357056 -2.2113118171691895 0.13868683576583862 -0.06160550128880546 -0.6481577841878766 5.55660661932096
1.3786039352416992 -2.1081268787384033 0.13868403434753418 0.01568595152577497 -0.7169872351259592 5.554660372504349
1.3702222108840942 -1.9953607320785522 0.13868795335292816 0.10006673418164913 -0.7922482637045287 5.555042574181649
1.3625191450119019 -1.8923652172088623 0.13868895173072815 0.17718127970923894 -0.8609648436276974 5.5555784943102235
1.3547794818878174 -1.789398193359375 0.1386866271495819 0.2543021247762278 -0.929626071117247 5.555924191886534
1.3544673919677734 -1.7580335140228271 0.13870009779930115 0.27708830828842673 -0.9488353588206665 5.609586692486572
1.3607137203216553 -1.7369381189346313 0.1386612355709076 0.3095048937515973 -0.9724572258169051 5.697329571971725
1.3429542779922485 -1.6885124444961548 0.13869301974773407 0.35312957043688564 -0.9919825460723438 6.027369898690172
1.2743877172470093 -1.6108986139297485 0.13868309557437897 0.45340081517593755 -1.01848218781599 6.022255804116924
1.254953145980835 -1.5857599973678589 0.13870403170585632 0.4827228667376591 -1.0254779423076044 6.075704621363188
1.2494142055511475 -1.5677409172058105 0.1386730968952179 0.4981034315931332 -1.026966076294228 6.297758092479848
1.2562355995178223 -1.55466628074646 0.1386573314666748 0.49844490005644115 -1.0269057586005101 6.618289501613335
1.2019903659820557 -1.542411208152771 0.13868290185928345 0.5509299924794697 -1.0006527447221776 6.875695410508687
1.0982111692428589 -1.5437719821929932 0.13867969810962677 0.6371351779422887 -0.9428103793115067 6.872647395375632
1.0044710636138916 -1.544856071472168 0.1386752724647522 0.715070003841076 -0.8906894594193563 6.872645822326659
0.900982677936554 -1.5460283756256104 0.13867056369781494 0.8010958864941083 -0.8331556964980213 6.872675357123711
0.7975022196769714 -1.5472160577774048 0.1386660635471344 0.8871322616505306 -0.7756276092757735 6.8724419359178786
0.6938880681991577 -1.548345923423767 0.1386701762676239 0.9732733260922236 -0.7180300034390852 6.872667628316765
0.5866521596908569 -1.5495781898498535 0.1386783868074417 1.062414220867089 -0.6584123710120815 6.872662263096159
0.4794365465641022 -1.550836205482483 0.13866892457008362 1.1515549233634474 -0.5987954703160573 6.872658278306285
0.37218159437179565 -1.5520663261413574 0.13866150379180908 1.2406934180943705 -0.5391806221006253 6.872653334438083
0.2649324834346771 -1.553344964981079 0.1386667788028717 1.329834568284039 -0.4795641718939147 6.8726555816509025
0.15772172808647156 -1.5546298027038574 0.13866662979125977 1.4189758341435974 -0.41994741446525086 6.872656897875554
0.11009439080953598 -1.5530956983566284 0.13869228959083557 1.4571287705278693 -0.39263773090673 6.936210130996539
0.0924801155924797 -1.5461597442626953 0.13867712020874023 1.4685087692870635 -0.38184298511491477 7.148183518336566
0.08998943120241165 -1.5318169593811035 0.13864509761333466 1.4676078583550107 -0.38330881654348353 7.457597550320486
